200 200
77 71 812
27 77 1497
123 71 483
68 123 1227
154 68 1354
11 154 1914
180 27 1546
131 180 2480
149 131 3435
125 149 4428
58 131 3302
100 58 3332
147 100 3458
76 147 3711
168 149 4148
8 168 4910
64 8 5829
200 131 2463
165 180 2237
114 165 2810
31 168 4138
15 77 1775
135 15 1717
35 71 661
91 125 4501
29 147 3708
161 29 4193
97 165 3186
169 76 4474
84 169 4393
137 84 4429
89 137 4947
176 200 2659
152 176 2929
142 152 3356
90 97 3258
130 90 3321
164 89 5520
22 180 1593
175 27 1729
32 200 3361
72 32 3639
45 72 3901
44 45 4749
18 169 4596
24 18 5417
153 24 6164
74 153 6433
17 164 6173
148 180 2274
112 15 1859
106 11 1823
16 106 1808
102 16 1997
126 102 2007
199 71 539
36 77 865
88 36 1203
116 88 1270
157 45 4132
38 123 1358
48 38 1948
59 48 2079
178 17 6092
21 178 6812
186 48 2435
10 38 1762
191 90 3555
128 22 2099
60 10 2357
171 60 2654
80 171 2808
66 80 3395
118 90 3524
173 118 4206
192 149 3720
139 77 1126
49 139 1946
53 49 2474
181 154 1318
184 181 1961
121 157 4753
82 27 1722
122 125 5281
26 64 6179
111 26 6152
81 82 2373
172 76 4350
7 172 4960
39 7 5850
197 39 5798
70 135 1816
156 70 2768
19 16 2176
185 19 2371
143 185 2637
28 154 1662
115 28 1859
195 115 2633
9 71 997
41 9 1124
12 41 1817
57 74 6854
146 57 7811
138 146 8573
54 138 9289
43 54 9951
51 43 9934
110 51 9949
108 41 1914
107 108 1842
2 64 6657
136 2 7644
188 136 7603
87 188 8268
55 66 3756
133 55 3868
14 76 4378
56 14 4410
4 56 5285
190 4 5697
151 17 6343
187 151 7103
120 29 4022
189 58 3341
141 189 3493
98 126 1918
167 153 6428
145 192 3643
101 59 2030
177 101 2823
127 177 3783
159 178 6263
134 159 6403
144 143 3627
196 200 3417
160 196 3459
20 190 5986
78 57 7405
86 78 7424
3 118 4480
67 3 5146
132 160 3651
163 102 2128
95 110 10667
113 160 3946
166 113 4903
85 166 5836
99 85 5818
92 16 2282
155 92 2197
170 66 3424
5 170 3364
129 5 4083
174 129 4985
179 2 7240
103 179 7948
63 85 6329
6 80 3713
140 6 4104
105 139 1793
93 185 3114
40 93 3090
61 40 3476
34 61 4445
183 34 4878
37 183 5157
50 37 5656
96 50 6120
94 140 4619
75 121 5634
13 20 6373
83 102 2640
30 192 3964
23 76 3774
162 176 2928
25 197 6597
158 66 3830
62 158 4499
42 62 5301
194 38 1968
117 72 4550
182 117 4953
193 179 7762
46 16 2169
73 162 3628
124 18 5495
150 124 5881
65 150 6829
119 65 7335
1 28 2326
47 55 3922
69 47 4045
79 147 3775
109 111 6861
33 109 7469
104 33 8464
198 177 2754
52 198 3430
4410 53
6343 126
539 92
1227 167
5697 51
3332 134
3476 100
1961 169
1546 143
5881 64
812 140
3258 32
4022 5
5829 84
3711 96
1227 173
1662 159
4910 153
1126 47
1 84
3302 26
3341 140
3901 197
4428 95
4148 120
3332 93
10667 80
2176 36
2637 108
7103 171
1 185
1227 1
4193 97
2357 164
1227 74
3321 124
5850 152
3364 105
3435 103
1354 192
8573 85
2929 120
3332 129
3643 20
7948 124
2480 40
3756 189
3639 81
6164 19
1227 99
1918 106
3332 67
6164 73
10667 167
3361 148
4960 87
3720 78
812 198
1318 36
3321 99
2654 62
8268 4
4104 29
1816 34
3332 182
6433 98
2637 9
3458 114
8573 117
3364 176
3302 131
661 17
1546 153
4947 116
3361 29
3458 14
3708 63
1997 164
3711 198
997 183
4148 121
2637 166
1946 135
4429 54
1914 87
1 135
1762 35
4350 16
1270 125
2768 52
2929 144
812 62
2929 161
6812 21
2463 125
8268 109
3713 71
1354 67
3711 116
1762 133
1775 94
3901 81
6173 14
5417 45
7603 139
483 74
1354 169
2373 84
1227 136
1946 170
6263 73
4138 12
2929 58
2480 40
3946 115
2823 19
3417 84
1 98
1775 75
3321 91
2474 150
1762 91
997 30
3868 23
5520 44
5829 167
4148 54
483 21
6428 88
4501 122
6173 6
3651 129
4378 28
1914 164
1354 84
1722 24
3708 112
1497 164
2176 169
4903 61
4960 10
2237 88
3435 58
3901 130
1227 143
1729 10
1842 55
865 160
1 174
4428 172
3435 100
4193 156
3901 181
1 4
9951 1
483 13
1859 160
1816 95
2808 37
3332 27
6433 138
1 22
1 64
1 187
2633 59
3708 11
5850 170
2274 47
1354 6
2079 166
1722 91
1859 39
5417 1
4596 33
1354 18
3756 98
3332 129
6597 71
9949 81
3720 134
4148 1
6657 86
1717 191
7603 48
2435 62
4132 31
1816 121
6812 139
483 131
2274 86
1717 181
6263 3
1997 123
812 158
2654 93
3708 187
3186 50
1859 157
4428 49
2099 83
