1000
-10000 -10000
-10000 -9999
-10000 -9998
-10000 -9997
-10000 -9996
-10000 -9995
-10000 -9994
-10000 -9993
-10000 -9992
-10000 -9991
-10000 -9990
-10000 -9989
-10000 -9988
-10000 -9987
-10000 -9986
-10000 -9985
-10000 -9984
-10000 -9983
-10000 -9982
-10000 -9981
-10000 -9980
-10000 -9979
-10000 -9978
-10000 -9977
-10000 -9976
-10000 -9975
-10000 -9974
-10000 -9973
-10000 -9972
-10000 -9971
-10000 -9970
-10000 -9969
-10000 -9968
-10000 -9967
-10000 -9966
-10000 -9965
-10000 -9964
-10000 -9963
-10000 -9962
-10000 -9961
-10000 -9960
-10000 -9959
-10000 -9958
-10000 -9957
-10000 -9956
-10000 -9955
-10000 -9954
-10000 -9953
-10000 -9952
-10000 -9951
-10000 -9950
-10000 -9949
-10000 -9948
-10000 -9947
-10000 -9946
-10000 -9945
-10000 -9944
-10000 -9943
-10000 -9942
-10000 -9941
-10000 -9940
-10000 -9939
-10000 -9938
-10000 -9937
-10000 -9936
-10000 -9935
-10000 -9934
-10000 -9933
-10000 -9932
-10000 -9931
-10000 -9930
-10000 -9929
-10000 -9928
-10000 -9927
-10000 -9926
-10000 -9925
-10000 -9924
-10000 -9923
-10000 -9922
-10000 -9921
-10000 -9920
-10000 -9919
-10000 -9918
-10000 -9917
-10000 -9916
-10000 -9915
-10000 -9914
-10000 -9913
-10000 -9912
-10000 -9911
-10000 -9910
-10000 -9909
-10000 -9908
-10000 -9907
-10000 -9906
-10000 -9905
-10000 -9904
-10000 -9903
-10000 -9902
-10000 -9901
-10000 -9900
-10000 -9899
-10000 -9898
-10000 -9897
-10000 -9896
-10000 -9895
-10000 -9894
-10000 -9893
-10000 -9892
-10000 -9891
-10000 -9890
-10000 -9889
-10000 -9888
-10000 -9887
-10000 -9886
-10000 -9885
-10000 -9884
-10000 -9883
-10000 -9882
-10000 -9881
-10000 -9880
-10000 -9879
-10000 -9878
-10000 -9877
-10000 -9876
-10000 -9875
-10000 -9874
-10000 -9873
-10000 -9872
-10000 -9871
-10000 -9870
-10000 -9869
-10000 -9868
-10000 -9867
-10000 -9866
-10000 -9865
-10000 -9864
-10000 -9863
-10000 -9862
-10000 -9861
-10000 -9860
-10000 -9859
-10000 -9858
-10000 -9857
-10000 -9856
-10000 -9855
-10000 -9854
-10000 -9853
-10000 -9852
-10000 -9851
-10000 -9850
-10000 -9849
-10000 -9848
-10000 -9847
-10000 -9846
-10000 -9845
-10000 -9844
-10000 -9843
-10000 -9842
-10000 -9841
-10000 -9840
-10000 -9839
-10000 -9838
-10000 -9837
-10000 -9836
-10000 -9835
-10000 -9834
-10000 -9833
-10000 -9832
-10000 -9831
-10000 -9830
-10000 -9829
-10000 -9828
-10000 -9827
-10000 -9826
-10000 -9825
-10000 -9824
-10000 -9823
-10000 -9822
-10000 -9821
-10000 -9820
-10000 -9819
-10000 -9818
-10000 -9817
-10000 -9816
-10000 -9815
-10000 -9814
-10000 -9813
-10000 -9812
-10000 -9811
-10000 -9810
-10000 -9809
-10000 -9808
-10000 -9807
-10000 -9806
-10000 -9805
-10000 -9804
-10000 -9803
-10000 -9802
-10000 -9801
-10000 -9800
-10000 -9799
-10000 -9798
-10000 -9797
-10000 -9796
-10000 -9795
-10000 -9794
-10000 -9793
-10000 -9792
-10000 -9791
-10000 -9790
-10000 -9789
-10000 -9788
-10000 -9787
-10000 -9786
-10000 -9785
-10000 -9784
-10000 -9783
-10000 -9782
-10000 -9781
-10000 -9780
-10000 -9779
-10000 -9778
-10000 -9777
-10000 -9776
-10000 -9775
-10000 -9774
-10000 -9773
-10000 -9772
-10000 -9771
-10000 -9770
-10000 -9769
-10000 -9768
-10000 -9767
-10000 -9766
-10000 -9765
-10000 -9764
-10000 -9763
-10000 -9762
-10000 -9761
-10000 -9760
-10000 -9759
-10000 -9758
-10000 -9757
-10000 -9756
-10000 -9755
-10000 -9754
-10000 -9753
-10000 -9752
-10000 -9751
-10000 -9750
-10000 -9749
-10000 -9748
-10000 -9747
-10000 -9746
-10000 -9745
-10000 -9744
-10000 -9743
-10000 -9742
-10000 -9741
-10000 -9740
-10000 -9739
-10000 -9738
-10000 -9737
-10000 -9736
-10000 -9735
-10000 -9734
-10000 -9733
-10000 -9732
-10000 -9731
-10000 -9730
-10000 -9729
-10000 -9728
-10000 -9727
-10000 -9726
-10000 -9725
-10000 -9724
-10000 -9723
-10000 -9722
-10000 -9721
-10000 -9720
-10000 -9719
-10000 -9718
-10000 -9717
-10000 -9716
-10000 -9715
-10000 -9714
-10000 -9713
-10000 -9712
-10000 -9711
-10000 -9710
-10000 -9709
-10000 -9708
-10000 -9707
-10000 -9706
-10000 -9705
-10000 -9704
-10000 -9703
-10000 -9702
-10000 -9701
-10000 -9700
-10000 -9699
-10000 -9698
-10000 -9697
-10000 -9696
-10000 -9695
-10000 -9694
-10000 -9693
-10000 -9692
-10000 -9691
-10000 -9690
-10000 -9689
-10000 -9688
-10000 -9687
-10000 -9686
-10000 -9685
-10000 -9684
-10000 -9683
-10000 -9682
-10000 -9681
-10000 -9680
-10000 -9679
-10000 -9678
-10000 -9677
-10000 -9676
-10000 -9675
-10000 -9674
-10000 -9673
-10000 -9672
-10000 -9671
-10000 -9670
-10000 -9669
-10000 -9668
-10000 -9667
-10000 -9666
-10000 -9665
-10000 -9664
-10000 -9663
-10000 -9662
-10000 -9661
-10000 -9660
-10000 -9659
-10000 -9658
-10000 -9657
-10000 -9656
-10000 -9655
-10000 -9654
-10000 -9653
-10000 -9652
-10000 -9651
-10000 -9650
-10000 -9649
-10000 -9648
-10000 -9647
-10000 -9646
-10000 -9645
-10000 -9644
-10000 -9643
-10000 -9642
-10000 -9641
-10000 -9640
-10000 -9639
-10000 -9638
-10000 -9637
-10000 -9636
-10000 -9635
-10000 -9634
-10000 -9633
-10000 -9632
-10000 -9631
-10000 -9630
-10000 -9629
-10000 -9628
-10000 -9627
-10000 -9626
-10000 -9625
-10000 -9624
-10000 -9623
-10000 -9622
-10000 -9621
-10000 -9620
-10000 -9619
-10000 -9618
-10000 -9617
-10000 -9616
-10000 -9615
-10000 -9614
-10000 -9613
-10000 -9612
-10000 -9611
-10000 -9610
-10000 -9609
-10000 -9608
-10000 -9607
-10000 -9606
-10000 -9605
-10000 -9604
-10000 -9603
-10000 -9602
-10000 -9601
-10000 -9600
-10000 -9599
-10000 -9598
-10000 -9597
-10000 -9596
-10000 -9595
-10000 -9594
-10000 -9593
-10000 -9592
-10000 -9591
-10000 -9590
-10000 -9589
-10000 -9588
-10000 -9587
-10000 -9586
-10000 -9585
-10000 -9584
-10000 -9583
-10000 -9582
-10000 -9581
-10000 -9580
-10000 -9579
-10000 -9578
-10000 -9577
-10000 -9576
-10000 -9575
-10000 -9574
-10000 -9573
-10000 -9572
-10000 -9571
-10000 -9570
-10000 -9569
-10000 -9568
-10000 -9567
-10000 -9566
-10000 -9565
-10000 -9564
-10000 -9563
-10000 -9562
-10000 -9561
-10000 -9560
-10000 -9559
-10000 -9558
-10000 -9557
-10000 -9556
-10000 -9555
-10000 -9554
-10000 -9553
-10000 -9552
-10000 -9551
-10000 -9550
-10000 -9549
-10000 -9548
-10000 -9547
-10000 -9546
-10000 -9545
-10000 -9544
-10000 -9543
-10000 -9542
-10000 -9541
-10000 -9540
-10000 -9539
-10000 -9538
-10000 -9537
-10000 -9536
-10000 -9535
-10000 -9534
-10000 -9533
-10000 -9532
-10000 -9531
-10000 -9530
-10000 -9529
-10000 -9528
-10000 -9527
-10000 -9526
-10000 -9525
-10000 -9524
-10000 -9523
-10000 -9522
-10000 -9521
-10000 -9520
-10000 -9519
-10000 -9518
-10000 -9517
-10000 -9516
-10000 -9515
-10000 -9514
-10000 -9513
-10000 -9512
-10000 -9511
-10000 -9510
-10000 -9509
-10000 -9508
-10000 -9507
-10000 -9506
-10000 -9505
-10000 -9504
-10000 -9503
-10000 -9502
-10000 -9501
-9999 -10000
-9998 -10000
-9997 -10000
-9996 -10000
-9995 -10000
-9994 -10000
-9993 -10000
-9992 -10000
-9991 -10000
-9990 -10000
-9989 -10000
-9988 -10000
-9987 -10000
-9986 -10000
-9985 -10000
-9984 -10000
-9983 -10000
-9982 -10000
-9981 -10000
-9980 -10000
-9979 -10000
-9978 -10000
-9977 -10000
-9976 -10000
-9975 -10000
-9974 -10000
-9973 -10000
-9972 -10000
-9971 -10000
-9970 -10000
-9969 -10000
-9968 -10000
-9967 -10000
-9966 -10000
-9965 -10000
-9964 -10000
-9963 -10000
-9962 -10000
-9961 -10000
-9960 -10000
-9959 -10000
-9958 -10000
-9957 -10000
-9956 -10000
-9955 -10000
-9954 -10000
-9953 -10000
-9952 -10000
-9951 -10000
-9950 -10000
-9949 -10000
-9948 -10000
-9947 -10000
-9946 -10000
-9945 -10000
-9944 -10000
-9943 -10000
-9942 -10000
-9941 -10000
-9940 -10000
-9939 -10000
-9938 -10000
-9937 -10000
-9936 -10000
-9935 -10000
-9934 -10000
-9933 -10000
-9932 -10000
-9931 -10000
-9930 -10000
-9929 -10000
-9928 -10000
-9927 -10000
-9926 -10000
-9925 -10000
-9924 -10000
-9923 -10000
-9922 -10000
-9921 -10000
-9920 -10000
-9919 -10000
-9918 -10000
-9917 -10000
-9916 -10000
-9915 -10000
-9914 -10000
-9913 -10000
-9912 -10000
-9911 -10000
-9910 -10000
-9909 -10000
-9908 -10000
-9907 -10000
-9906 -10000
-9905 -10000
-9904 -10000
-9903 -10000
-9902 -10000
-9901 -10000
-9900 -10000
-9899 -10000
-9898 -10000
-9897 -10000
-9896 -10000
-9895 -10000
-9894 -10000
-9893 -10000
-9892 -10000
-9891 -10000
-9890 -10000
-9889 -10000
-9888 -10000
-9887 -10000
-9886 -10000
-9885 -10000
-9884 -10000
-9883 -10000
-9882 -10000
-9881 -10000
-9880 -10000
-9879 -10000
-9878 -10000
-9877 -10000
-9876 -10000
-9875 -10000
-9874 -10000
-9873 -10000
-9872 -10000
-9871 -10000
-9870 -10000
-9869 -10000
-9868 -10000
-9867 -10000
-9866 -10000
-9865 -10000
-9864 -10000
-9863 -10000
-9862 -10000
-9861 -10000
-9860 -10000
-9859 -10000
-9858 -10000
-9857 -10000
-9856 -10000
-9855 -10000
-9854 -10000
-9853 -10000
-9852 -10000
-9851 -10000
-9850 -10000
-9849 -10000
-9848 -10000
-9847 -10000
-9846 -10000
-9845 -10000
-9844 -10000
-9843 -10000
-9842 -10000
-9841 -10000
-9840 -10000
-9839 -10000
-9838 -10000
-9837 -10000
-9836 -10000
-9835 -10000
-9834 -10000
-9833 -10000
-9832 -10000
-9831 -10000
-9830 -10000
-9829 -10000
-9828 -10000
-9827 -10000
-9826 -10000
-9825 -10000
-9824 -10000
-9823 -10000
-9822 -10000
-9821 -10000
-9820 -10000
-9819 -10000
-9818 -10000
-9817 -10000
-9816 -10000
-9815 -10000
-9814 -10000
-9813 -10000
-9812 -10000
-9811 -10000
-9810 -10000
-9809 -10000
-9808 -10000
-9807 -10000
-9806 -10000
-9805 -10000
-9804 -10000
-9803 -10000
-9802 -10000
-9801 -10000
-9800 -10000
-9799 -10000
-9798 -10000
-9797 -10000
-9796 -10000
-9795 -10000
-9794 -10000
-9793 -10000
-9792 -10000
-9791 -10000
-9790 -10000
-9789 -10000
-9788 -10000
-9787 -10000
-9786 -10000
-9785 -10000
-9784 -10000
-9783 -10000
-9782 -10000
-9781 -10000
-9780 -10000
-9779 -10000
-9778 -10000
-9777 -10000
-9776 -10000
-9775 -10000
-9774 -10000
-9773 -10000
-9772 -10000
-9771 -10000
-9770 -10000
-9769 -10000
-9768 -10000
-9767 -10000
-9766 -10000
-9765 -10000
-9764 -10000
-9763 -10000
-9762 -10000
-9761 -10000
-9760 -10000
-9759 -10000
-9758 -10000
-9757 -10000
-9756 -10000
-9755 -10000
-9754 -10000
-9753 -10000
-9752 -10000
-9751 -10000
-9750 -10000
-9749 -10000
-9748 -10000
-9747 -10000
-9746 -10000
-9745 -10000
-9744 -10000
-9743 -10000
-9742 -10000
-9741 -10000
-9740 -10000
-9739 -10000
-9738 -10000
-9737 -10000
-9736 -10000
-9735 -10000
-9734 -10000
-9733 -10000
-9732 -10000
-9731 -10000
-9730 -10000
-9729 -10000
-9728 -10000
-9727 -10000
-9726 -10000
-9725 -10000
-9724 -10000
-9723 -10000
-9722 -10000
-9721 -10000
-9720 -10000
-9719 -10000
-9718 -10000
-9717 -10000
-9716 -10000
-9715 -10000
-9714 -10000
-9713 -10000
-9712 -10000
-9711 -10000
-9710 -10000
-9709 -10000
-9708 -10000
-9707 -10000
-9706 -10000
-9705 -10000
-9704 -10000
-9703 -10000
-9702 -10000
-9701 -10000
-9700 -10000
-9699 -10000
-9698 -10000
-9697 -10000
-9696 -10000
-9695 -10000
-9694 -10000
-9693 -10000
-9692 -10000
-9691 -10000
-9690 -10000
-9689 -10000
-9688 -10000
-9687 -10000
-9686 -10000
-9685 -10000
-9684 -10000
-9683 -10000
-9682 -10000
-9681 -10000
-9680 -10000
-9679 -10000
-9678 -10000
-9677 -10000
-9676 -10000
-9675 -10000
-9674 -10000
-9673 -10000
-9672 -10000
-9671 -10000
-9670 -10000
-9669 -10000
-9668 -10000
-9667 -10000
-9666 -10000
-9665 -10000
-9664 -10000
-9663 -10000
-9662 -10000
-9661 -10000
-9660 -10000
-9659 -10000
-9658 -10000
-9657 -10000
-9656 -10000
-9655 -10000
-9654 -10000
-9653 -10000
-9652 -10000
-9651 -10000
-9650 -10000
-9649 -10000
-9648 -10000
-9647 -10000
-9646 -10000
-9645 -10000
-9644 -10000
-9643 -10000
-9642 -10000
-9641 -10000
-9640 -10000
-9639 -10000
-9638 -10000
-9637 -10000
-9636 -10000
-9635 -10000
-9634 -10000
-9633 -10000
-9632 -10000
-9631 -10000
-9630 -10000
-9629 -10000
-9628 -10000
-9627 -10000
-9626 -10000
-9625 -10000
-9624 -10000
-9623 -10000
-9622 -10000
-9621 -10000
-9620 -10000
-9619 -10000
-9618 -10000
-9617 -10000
-9616 -10000
-9615 -10000
-9614 -10000
-9613 -10000
-9612 -10000
-9611 -10000
-9610 -10000
-9609 -10000
-9608 -10000
-9607 -10000
-9606 -10000
-9605 -10000
-9604 -10000
-9603 -10000
-9602 -10000
-9601 -10000
-9600 -10000
-9599 -10000
-9598 -10000
-9597 -10000
-9596 -10000
-9595 -10000
-9594 -10000
-9593 -10000
-9592 -10000
-9591 -10000
-9590 -10000
-9589 -10000
-9588 -10000
-9587 -10000
-9586 -10000
-9585 -10000
-9584 -10000
-9583 -10000
-9582 -10000
-9581 -10000
-9580 -10000
-9579 -10000
-9578 -10000
-9577 -10000
-9576 -10000
-9575 -10000
-9574 -10000
-9573 -10000
-9572 -10000
-9571 -10000
-9570 -10000
-9569 -10000
-9568 -10000
-9567 -10000
-9566 -10000
-9565 -10000
-9564 -10000
-9563 -10000
-9562 -10000
-9561 -10000
-9560 -10000
-9559 -10000
-9558 -10000
-9557 -10000
-9556 -10000
-9555 -10000
-9554 -10000
-9553 -10000
-9552 -10000
-9551 -10000
-9550 -10000
-9549 -10000
-9548 -10000
-9547 -10000
-9546 -10000
-9545 -10000
-9544 -10000
-9543 -10000
-9542 -10000
-9541 -10000
-9540 -10000
-9539 -10000
-9538 -10000
-9537 -10000
-9536 -10000
-9535 -10000
-9534 -10000
-9533 -10000
-9532 -10000
-9531 -10000
-9530 -10000
-9529 -10000
-9528 -10000
-9527 -10000
-9526 -10000
-9525 -10000
-9524 -10000
-9523 -10000
-9522 -10000
-9521 -10000
-9520 -10000
-9519 -10000
-9518 -10000
-9517 -10000
-9516 -10000
-9515 -10000
-9514 -10000
-9513 -10000
-9512 -10000
-9511 -10000
-9510 -10000
-9509 -10000
-9508 -10000
-9507 -10000
-9506 -10000
-9505 -10000
-9504 -10000
-9503 -10000
-9502 -10000
-9501 -10000
2777 6915
