20 16 400
17 4 17 5
9 15 8 15
5 6 6 6
8 16 8 15
19 3 19 2
15 20 15 19
8 2 8 3
15 10 15 9
9 13 10 13
13 7 14 7
18 16 19 16
10 17 10 16
4 15 4 14
19 7 18 7
20 6 20 7
19 15 18 15
18 6 17 6
17 14 17 13
9 18 9 17
12 10 12 11
15 11 14 11
14 8 13 8
9 12 9 11
20 10 20 9
11 8 11 9
1 19 1 20
8 18 9 18
12 19 12 18
11 15 12 15
2 16 1 16
7 4 7 3
11 7 10 7
16 16 16 15
4 10 3 10
17 15 16 15
18 8 19 8
4 4 4 3
7 11 8 11
17 15 17 14
2 18 2 17
11 19 12 19
7 4 6 4
14 4 14 3
10 11 9 11
13 9 14 9
14 1 13 1
2 14 2 13
13 13 13 14
1 15 2 15
3 3 2 3
2 9 2 10
20 14 19 14
4 11 4 10
14 20 14 19
11 11 10 11
17 13 18 13
17 4 17 3
5 13 6 13
20 2 20 1
17 5 18 5
15 3 14 3
7 18 6 18
2 9 2 8
4 2 3 2
9 3 10 3
20 8 20 7
12 10 13 10
13 20 13 19
1 15 1 14
1 4 2 4
2 17 1 17
11 14 12 14
12 5 12 6
6 3 7 3
14 14 14 15
13 16 13 15
5 19 5 20
5 2 5 1
18 5 18 4
15 9 15 8
7 7 7 6
4 6 3 6
6 3 6 2
16 15 16 14
8 17 8 16
10 1 11 1
11 14 11 13
16 6 16 5
14 18 14 19
3 4 2 4
14 15 15 15
10 14 10 13
18 6 18 5
19 10 19 11
18 4 18 3
11 12 11 13
4 19 4 20
9 7 8 7
7 14 7 15
15 16 15 17
4 16 4 15
14 2 14 3
8 6 8 7
11 4 11 5
8 16 9 16
8 9 8 8
11 12 11 11
6 4 6 3
17 4 16 4
18 11 18 10
13 9 12 9
16 8 16 7
20 14 20 13
19 14 18 14
15 5 14 5
7 5 8 5
11 4 11 3
10 17 9 17
20 12 19 12
15 19 16 19
20 19 19 19
16 5 15 5
14 7 14 6
18 4 19 4
12 3 12 4
4 13 5 13
13 19 13 18
7 16 7 17
17 16 16 16
5 13 5 14
17 2 17 1
16 14 17 14
10 11 10 10
10 15 11 15
19 8 20 8
12 13 11 13
12 11 13 11
16 12 17 12
4 4 4 5
12 17 12 18
11 9 10 9
13 3 14 3
13 5 13 6
5 14 6 14
14 14 14 13
1 3 1 4
10 2 10 1
10 16 11 16
20 17 20 16
12 8 13 8
6 8 5 8
7 6 6 6
4 10 5 10
2 12 1 12
11 18 12 18
8 9 9 9
20 17 20 18
17 11 17 12
19 9 19 8
6 12 6 11
15 17 14 17
13 7 12 7
8 7 8 8
10 18 10 17
1 16 1 15
4 17 4 18
6 20 5 20
12 6 12 7
8 1 9 1
1 11 1 10
8 2 7 2
13 16 14 16
19 7 20 7
4 8 4 9
3 11 3 10
9 9 10 9
16 20 17 20
13 10 14 10
5 19 4 19
15 10 15 11
19 17 20 17
9 13 9 12
6 1 5 1
12 9 12 8
6 19 7 19
7 1 6 1
9 15 9 16
1 3 2 3
6 18 6 17
10 10 9 10
7 8 7 9
8 20 7 20
5 15 4 15
4 6 4 5
2 2 3 2
16 13 16 12
9 8 9 9
19 12 19 13
12 18 13 18
11 17 11 16
12 13 13 13
18 6 18 7
16 16 15 16
18 17 18 16
4 14 4 13
3 17 3 16
11 6 11 7
9 19 9 20
18 6 19 6
14 12 14 13
17 13 17 12
3 11 3 12
5 4 5 5
8 7 7 7
14 15 14 16
12 20 11 20
9 11 9 10
16 3 17 3
2 19 2 20
6 9 5 9
4 3 3 3
6 2 7 2
9 16 10 16
20 6 20 5
15 15 15 14
2 7 2 6
17 6 16 6
6 16 7 16
16 1 15 1
1 5 1 6
15 4 15 3
18 15 18 14
1 7 1 8
8 4 8 5
6 7 6 6
7 14 6 14
12 11 11 11
10 1 9 1
13 2 13 3
12 8 11 8
16 18 16 17
13 15 12 15
19 10 19 9
5 18 5 17
2 2 1 2
4 7 5 7
16 8 16 9
13 17 12 17
2 3 2 2
9 8 8 8
15 5 15 4
4 9 4 10
8 13 7 13
10 13 10 12
17 18 16 18
9 6 8 6
8 12 8 11
9 5 10 5
12 2 12 3
20 3 20 4
10 4 10 3
3 9 2 9
18 13 18 12
11 8 10 8
17 3 18 3
13 7 13 6
15 19 14 19
15 7 16 7
8 3 8 4
11 3 12 3
10 18 10 19
1 16 1 17
2 8 1 8
17 7 18 7
3 18 4 18
13 4 12 4
3 7 3 8
7 3 7 2
15 11 15 12
1 2 1 1
3 10 2 10
19 3 18 3
9 2 9 1
4 5 3 5
20 6 19 6
9 17 8 17
18 16 17 16
18 18 18 17
3 8 4 8
2 19 2 18
15 7 15 8
5 9 5 8
19 10 20 10
2 11 1 11
19 16 19 15
17 17 17 18
12 20 12 19
3 9 4 9
8 14 7 14
1 4 1 5
11 7 11 8
9 19 10 19
18 1 18 2
4 20 3 20
19 18 18 18
11 18 11 19
5 3 5 2
13 12 12 12
5 7 5 6
6 7 5 7
12 11 12 12
14 4 15 4
7 15 6 15
7 20 7 19
15 13 15 12
19 18 19 19
16 19 16 20
19 15 20 15
3 13 3 14
17 20 17 19
7 13 7 14
9 5 8 5
4 17 5 17
17 17 16 17
13 16 12 16
17 11 17 10
20 2 19 2
3 19 4 19
6 19 6 18
14 11 14 12
3 9 3 8
15 9 14 9
15 9 16 9
6 11 6 10
12 9 11 9
9 6 9 5
9 7 10 7
7 5 7 4
5 11 4 11
19 6 19 7
2 18 3 18
3 8 2 8
3 4 3 5
13 20 14 20
9 2 8 2
8 16 7 16
16 3 15 3
15 14 16 14
7 8 6 8
18 11 17 11
16 17 16 16
11 5 12 5
16 3 16 2
19 17 19 18
5 5 4 5
19 1 20 1
17 15 18 15
13 2 12 2
15 4 16 4
3 5 2 5
4 12 4 13
5 7 5 8
3 11 2 11
4 9 5 9
9 10 8 10
14 1 15 1
5 13 5 12
1 10 2 10
14 19 13 19
12 7 11 7
7 1 7 2
15 13 14 13
1 9 1 8
8 3 7 3
16 11 16 10
17 5 16 5
7 19 8 19
1 18 2 18
16 14 16 13
2 10 2 11
9 6 10 6
18 17 17 17
15 16 14 16
3 19 2 19
7 19 7 18
10 3 10 2
9 19 9 18
17 2 16 2
15 14 14 14
3 4 3 3
19 13 20 13
18 2 18 3
9 7 9 6
14 5 13 5
10 9 10 10
19 19 19 20
6 10 7 10
12 5 12 4
17 10 16 10
6 7 7 7
2 15
13 4
10 3
7 6
11 3
10 4
9 6
10 20
11 20
10 7
4 19
6 17
4 7
14 16
13 12
11 12
