60000 46845 5370
56426
51026
38704
44662
53295
18235
5131
37106
48540
2120
56649
46557
40323
53700
40116
47732
18814
6290
53642
47307
16375
35013
18179
2060
26300
2860
53446
49497
35638
20824
4554
20300
50471
22789
25431
27578
47681
3904
579
10591
44227
54279
50707
8311
13094
30254
14602
43088
53914
7329
19703
5279
25508
21763
5356
28160
975
35154
54010
55978
58564
56914
46450
21353
58698
50380
45387
38954
50959
59533
45238
23037
7845
34684
29644
58799
17773
23558
6128
13828
7989
35591
10546
36149
12918
45700
30159
49532
41679
28723
22799
28129
26429
21497
18509
11816
36803
45820
44146
36336
31058
7183
20533
42095
36827
19332
36220
36737
1813
50048
41927
9802
1991
52473
22303
14909
14525
52463
4442
56204
57538
3593
685
319
1442
55546
48487
38245
41366
32633
14581
48777
16169
35115
30872
29348
30799
7092
42438
32612
57140
24365
42414
59131
53190
41070
50392
7715
33533
31186
40272
7423
34779
40957
44095
36221
36504
32582
50818
54222
41568
41752
42999
34089
53219
13871
39789
24018
57315
32983
54455
22944
51749
29938
16134
32819
56683
202
42704
27869
40474
50128
57783
34223
15222
10639
43157
42393
4862
24725
24145
24213
35166
17364
14437
14956
11752
37183
50717
42560
36480
42467
48850
28966
15286
45533
29168
57991
13403
45994
52404
43778
35046
43978
54417
54555
26371
59279
55633
26868
23493
20584
14282
45755
38319
26034
59291
5388
8594
35771
33797
41089
39494
19330
10258
13837
9085
32604
1489
26058
21820
10800
20613
48191
46431
16246
51412
46276
47046
11996
9153
26667
2945
8444
32056
47891
20567
56263
21688
38009
12109
41019
24619
26456
57223
16958
4298
43016
26118
758
39982
50661
23541
56228
42073
9818
19626
54070
46728
28780
20737
49673
13576
29145
10496
25409
59253
48505
13870
16624
13124
19433
10347
33127
23731
305
52496
49849
32478
40510
957
5058
58936
10775
24685
29358
57503
53465
26447
23529
7041
55593
1094
17537
57354
36699
42394
11224
29676
55518
3745
49109
42218
13225
49192
42523
5721
39041
14551
55903
20896
19609
31191
44294
549
41878
14111
26997
41759
21153
22590
42853
15042
56296
55905
33789
43872
1933
29307
47618
27394
47877
843
16586
6753
42916
31979
26692
57467
27882
23940
53428
59074
8315
37723
35975
26545
51834
2972
8305
49339
1914
27510
40734
58210
23415
14523
18435
1700
20182
6053
29094
8060
6896
22032
14813
49812
54011
23631
21894
18149
17059
57320
2816
31134
33295
29361
59321
12620
37666
25012
50886
5177
25449
4944
56621
43884
6645
53156
49937
12091
1216
33185
34124
52381
59349
4487
46590
22980
26381
41091
16391
53
43907
47526
9701
13268
46847
58673
27287
48211
49559
32464
15008
13760
26931
35244
56757
20087
1533
8849
57655
34718
19325
26388
34067
23812
12978
33399
26546
54069
49791
2951
13669
49004
27597
36868
47677
54884
25079
13589
3700
55389
4949
17460
40194
14218
55112
41727
59419
29120
16446
55096
55508
55260
44839
36617
21806
26408
1110
29589
16429
50114
33538
53297
37792
4774
54728
51381
8474
50118
56330
2286
25143
12876
52856
20255
54604
28627
25727
47402
75
21236
50619
55336
42427
27236
53494
57687
53644
27276
10073
44719
37166
39722
58863
41940
34451
26596
26766
921
59278
5405
26064
12155
58261
22671
43111
3241
48399
30513
3316
45987
21132
35004
28414
24721
28499
18365
59455
4791
20526
20865
19389
48837
55316
22337
15603
32589
35005
10123
55622
57677
29586
35215
22428
36451
14883
8415
57583
49888
36829
58656
54739
39282
17022
54194
9012
58165
14721
15909
55382
10462
4746
27051
32800
56701
59640
30768
54062
34646
17243
26036
8675
46829
37603
31103
23280
52486
57215
18726
52699
55872
13465
31981
49246
7660
40994
23763
22381
33255
19145
32843
14353
46196
41995
11054
22189
41468
56835
6358
43856
5510
53187
21459
12965
16467
13946
52483
13683
32672
45907
46138
53515
35153
30150
34509
58916
28883
7764
18061
38078
58469
40610
20074
9524
2799
9189
27344
59634
15548
11201
41496
8735
32660
54461
1555
22958
23296
51590
55631
44830
37497
18121
14697
12650
24623
25559
47918
53506
9675
42331
31584
8145
22941
28010
25740
37200
21365
1726
29100
32566
19574
37835
5227
50387
15742
4537
7332
34865
44829
54641
49563
33831
19264
15122
21749
12770
20707
27022
48717
3315
29115
25917
24681
7193
55017
57247
26768
9205
38826
17155
24947
43364
7191
8632
19884
42056
53461
50878
3645
10142
59445
25394
59265
595
5827
9889
9202
8689
13205
38317
37886
45510
42328
11485
48630
27885
26664
5786
29185
46380
12977
37817
6264
31385
57142
15709
11275
43637
42902
52101
18849
39226
28051
24267
51548
42720
35226
4583
53907
17271
53213
21792
20287
35351
6667
24680
5146
56066
12777
46426
48127
404
30063
3281
13426
49317
31735
28543
10078
13031
52811
32104
4389
7412
36687
58296
1035
6252
56441
57675
41604
23770
6284
28917
17274
38702
18046
40053
26829
18450
6463
8229
35786
38198
16857
4329
48276
29888
26254
1992
15031
36178
47405
21284
32619
45080
39240
32742
49423
21876
43049
36931
56057
23102
3760
50859
9571
46575
59088
45357
24773
15945
26038
49401
22186
59531
15655
37413
25673
15562
13591
13079
22563
58159
28790
55305
47582
50666
33316
6984
29373
30086
7710
56584
54285
55673
37718
55411
47970
3757
44812
46508
3288
468
47039
40701
38953
30644
51924
52151
29559
50084
57293
24864
14018
47959
34532
21002
51909
40257
59619
36842
19802
30256
32515
57521
25667
56837
37630
46832
43346
40918
23652
30385
57971
26145
45690
4967
18070
37841
34527
44506
11486
35743
34876
10276
55879
27706
26885
59672
3677
3727
19474
10286
12594
53347
35953
9432
30977
59137
29130
48247
59515
22570
25287
45205
27538
19709
59398
38417
4215
10884
50512
39091
46681
11322
50740
4026
47346
44105
6821
41055
56700
17009
42484
7498
52498
11614
55745
15288
47481
18316
16927
9038
22206
36636
44788
36975
17203
32024
27487
32646
55057
43969
45797
8654
7667
16567
29111
14488
57622
25811
51009
50983
44647
58507
43482
32613
30604
35122
48920
28401
5484
47478
5037
50272
24453
58592
22296
51941
31238
17354
32921
51559
3151
17927
59227
56070
47038
50067
53693
49202
17428
21028
33849
15935
4510
42815
22892
15984
2909
48164
44385
44746
35643
25774
35018
24366
4741
31957
51021
37662
59868
30524
31941
59095
26595
18980
25515
56640
8182
42943
17668
18383
35231
58531
1198
58123
50867
40460
22639
35253
25206
58282
1027
224
34731
33891
15824
33703
53487
9923
31789
25428
45371
34736
20760
10886
31376
28942
30181
25396
23678
41764
279
24876
16239
51147
5336
38879
2752
37161
40131
7119
48244
41877
17362
4069
51932
18627
33908
1856
35688
47227
1504
56449
34465
9232
4646
10980
1773
46411
11260
26650
2650
38759
41529
41511
15233
55043
57994
58704
16224
52418
8156
47397
33968
46364
14165
46009
9943
15669
42458
20553
1759
12234
22327
24522
59846
25329
3524
38605
10019
45054
56468
1604
16449
54462
36660
12440
10686
29079
12501
55195
16476
46469
17911
30642
8830
22663
27640
24967
23917
48194
3078
46873
27600
35997
12202
58573
52531
47422
178
8980
18236
36838
21420
28923
5917
33921
470
58746
56743
54733
5740
41925
58940
28403
9566
260
52320
34112
3338
4823
20985
30939
40820
9539
38416
31774
8112
30947
19196
8290
39927
13785
21481
37699
19060
3750
47973
19530
2496
21068
50615
8236
2993
49556
12992
48911
26168
41664
23023
5858
46488
44008
13149
27308
29899
51565
35435
14364
22512
30983
22654
38791
44768
52843
24238
40816
59710
26734
38236
50326
11323
17581
16234
6493
42402
5979
29516
48260
52467
49877
37762
56128
19776
29327
31563
34140
51840
38898
33147
30631
23667
53634
23474
54224
40642
3558
55230
53884
8634
12812
10118
32949
55657
28872
15280
25173
53484
44100
51402
31246
16580
47531
574
24495
58023
3393
59397
27060
1157
59224
30908
55381
16218
34466
52692
11449
4702
51172
10627
56270
20044
57795
13528
46360
25550
21127
2940
13081
58053
3787
26819
7180
2568
10593
56136
38144
17853
54363
28671
42164
33373
34592
19129
24545
45220
51751
20941
47480
25898
10192
51448
31948
49484
4529
53271
51986
33172
46965
35741
47396
19453
13885
5249
23674
44600
10272
20588
26764
43645
55181
45893
44542
16753
13996
40585
39895
52657
50777
31343
24605
40261
12225
30959
9884
40563
4131
46687
27528
10436
23333
30110
52037
47007
14710
2310
7596
17827
22307
39129
40072
43202
32234
25037
12819
33964
39948
5307
18652
56561
17532
49611
58095
30094
29484
1975
46319
39920
25308
31958
48668
7491
10620
56264
25318
32927
11745
5391
16129
43979
35812
41167
33150
9776
58861
13098
15083
53865
9659
8968
43476
16104
43415
49923
21940
21743
36242
1861
29023
33819
12071
12866
44439
44687
38185
53718
56432
19928
16763
55740
27367
49913
41868
2580
39363
33303
56446
49022
42271
16274
41478
2039
6197
3419
23782
42439
41632
47814
15451
35609
20296
15218
53081
11498
52512
9844
43590
19879
36110
25458
58812
51825
35113
31610
40848
17385
47884
58678
55776
54082
38449
55910
12873
20081
19447
37040
55056
14073
24478
29291
44786
17141
23303
30982
731
19535
43444
2541
18347
35270
37654
49957
52470
31391
14193
51148
3519
8275
29598
59429
57501
49679
18877
10893
37916
50285
24966
2394
41990
54257
26776
47750
56489
57759
24833
52376
41203
3726
10723
16473
17732
37032
8943
49124
51225
36444
52643
35853
28425
9706
23654
20599
46341
45565
48736
55930
16174
21921
59058
3924
54762
33169
5109
47138
14373
8835
34213
7198
26567
11245
52494
52043
38823
5290
51028
47684
49464
734
56109
13118
57685
42451
27057
19602
31187
59339
35776
29460
58398
16052
24223
11361
22292
45575
5843
32915
34689
24959
48347
39979
45998
39375
4015
35462
16461
24932
14146
18927
51989
33748
27681
45876
55927
38280
20150
10350
35793
7863
8995
42141
29790
51190
51409
39315
25879
16368
27662
42210
38718
43390
46225
14180
59851
22701
39112
13998
17981
7453
24098
44447
46327
40374
13917
24607
36876
620
401
9615
18894
50882
805
10303
6549
3036
3023
34212
21598
41741
17602
44175
32273
53805
43228
47737
1209
55191
45657
6677
54581
2383
56947
55540
39260
57567
32293
43534
27586
37843
34136
23727
40867
44700
45325
58960
38654
5852
31234
32459
49080
18971
16615
50290
50514
1221
12299
33544
32154
14682
30491
27694
53942
4410
36340
30646
47944
3880
34585
8635
18075
45073
8714
58942
29773
30391
34255
8427
36243
5489
17238
24460
33853
51965
51327
11426
4264
24871
43580
18947
55362
49241
59772
23967
56240
24068
27847
30825
32703
45922
15898
17769
21217
22023
48160
55472
6802
755
37313
24040
26078
38125
34246
54396
29452
45672
58660
54323
29253
17607
26037
16880
43201
2161
40847
39441
26229
45046
10266
35284
7320
2516
53053
4889
24539
17565
36713
31341
20751
28504
15147
57956
51652
13807
28632
57257
7767
54669
50489
50968
56831
31336
30409
23060
52734
17027
34697
54
19543
27750
44082
21668
41657
15423
39988
32036
47156
37091
53136
52238
58496
21140
42398
27128
50165
58150
41133
54981
52926
47894
54393
45660
4921
29090
22066
24464
33193
27010
44898
54861
45020
321
53408
23829
48293
53948
16965
40531
28796
14457
22929
32277
9206
49446
30427
54444
6931
1760
47370
54825
56153
33030
36098
25244
31449
36914
34789
34811
21812
29650
19831
58485
13239
5496
43539
15632
22380
12336
6442
21661
44613
15648
11108
51392
10093
54391
53152
33815
49217
49305
43198
1667
50901
14647
14934
25690
49458
36746
31692
45642
11584
48896
35233
10251
30744
18773
2235
53124
8677
14786
52074
24326
2246
43466
10771
32989
36618
44586
58558
25923
4136
226
53177
18783
15160
18867
44594
28258
26912
30236
39842
15808
5469
26445
46552
28681
16029
31703
37358
7167
23777
38036
45765
43595
48807
18754
20213
9746
17313
22489
17539
15666
9018
10885
53612
37309
14149
200
53504
29957
5669
52862
8891
52410
14449
40377
38175
58044
5537
56929
54610
51635
14242
17099
41869
8133
50887
56354
20851
30846
10504
21051
16813
3073
20651
9337
45634
54918
23656
47975
47328
38105
4704
25503
12502
10241
58785
7112
1876
13027
24211
20098
57513
10985
42386
8189
21895
52890
29240
46245
46056
32313
6897
32083
18002
27002
41659
16858
50682
56116
21562
52538
8618
31804
51323
15730
10032
40702
16293
6482
38215
2325
17468
29265
21064
25657
51160
50306
37406
36362
39915
20655
8446
57917
49538
11800
39576
6396
2482
12045
55020
57015
12466
46343
49098
58851
27046
41743
5333
5261
20421
22801
10878
41485
31791
32412
8154
36452
16600
10244
2342
28400
26173
45090
7234
14570
49400
11585
1867
24950
683
718
51996
18779
6051
33610
39200
5205
44488
20685
22879
52476
38779
38676
36982
27458
29934
37703
53822
34686
40228
38912
41921
54798
28313
44176
42735
30180
45478
19771
30898
37475
38550
13301
47437
17750
8277
14787
31157
43615
40005
20598
43816
50532
21519
55136
25219
38099
34049
43492
9249
2362
4020
51984
8894
49498
11755
16144
3325
26657
29445
50762
44407
24304
35392
35546
25530
19162
41887
39760
25703
54048
23574
25537
8215
1673
35938
51707
10922
14652
55727
23546
45226
51014
16042
48551
54024
45487
14783
46143
51058
50330
11673
33959
29913
26693
25604
55616
57094
32248
19191
22631
16816
57216
58569
8523
44491
49573
40603
23750
13119
2181
51116
5513
27084
45140
51000
42750
59924
13496
50254
44119
31434
47165
1702
44259
10302
22594
43242
27118
19810
18163
11994
40653
7736
52597
4403
57207
54778
55520
2720
17012
30072
40965
16936
43568
51125
43542
21442
11597
19640
52876
58762
57694
56279
19373
7997
55225
38967
11467
51388
57130
23461
32041
41218
36445
38425
23540
8317
17497
45403
47569
42266
7490
30197
25808
28932
18146
58160
53260
19495
54440
12633
3844
26017
51600
15312
17405
25082
15125
49447
6300
7536
2244
21077
31076
10561
38574
52831
35890
26144
31903
54508
2101
56669
38918
56599
18470
37078
49860
37965
7870
38845
41810
33888
30446
57122
27645
31880
48599
17092
38181
32487
55688
35610
39916
14185
32747
18492
16681
41003
49352
19456
46021
41937
19015
5915
42457
3238
44761
13478
57741
41123
22692
34568
37972
55180
49935
35096
12858
4120
44195
7702
20801
25198
57054
23820
44654
43076
5757
37062
47567
24772
42977
6376
4362
6995
17840
32001
41088
35316
31793
3781
9765
58961
16492
59700
34057
5702
40172
13404
37325
19803
10459
1145
40809
29887
6902
17871
17454
37201
183
48741
17643
7178
49645
48267
18250
21438
52048
28134
7555
27361
20978
43608
37770
26681
23780
32374
16437
1106
28529
26896
38603
9339
33135
21858
3562
50590
29885
17115
27125
18626
34759
34303
1560
24404
58922
45842
50970
24296
53397
54683
21627
37005
32453
48308
37138
4828
4745
14596
9709
7994
53199
19048
41129
15057
58963
8071
21294
16078
35196
16273
27189
45852
17833
51593
44774
13787
12097
14644
43537
6780
36271
56894
39234
24579
34032
20414
5677
48628
30123
50023
18180
25524
7504
9589
24487
15576
30884
16917
27124
47157
44107
12976
41342
12052
34103
31690
25840
46200
46335
9377
52980
22606
6271
8566
23538
16656
28980
41636
35456
55590
36168
980
3094
45758
1819
55022
52994
55088
22147
16503
34197
45578
5888
29792
8130
52223
39169
37463
51181
46029
14719
15010
20286
32789
50466
52228
8957
27798
55323
54715
29617
26697
24061
24705
25196
40564
40253
36672
14762
44205
58602
20650
13997
43085
49225
29518
20548
40406
6577
31478
42463
57939
28116
15252
24757
20345
561
52555
52020
55277
58524
18717
55690
59582
43914
56938
51017
392
31892
48019
50741
14977
13596
35525
54002
24273
18455
6736
16394
58340
17504
50294
58902
10059
42314
30531
44936
37383
26221
20870
21297
38828
37057
54587
13801
26480
30568
40894
41457
44164
1153
53335
14519
25426
8515
4536
22652
43207
22040
12946
8452
31612
25344
53388
27918
50610
6746
4019
49296
17820
4065
19864
45522
4029
36219
15209
18548
37997
3351
11251
22864
33904
6072
29928
885
54815
26230
44472
40163
54148
35082
23160
37246
39101
745
26542
33273
4810
46407
26685
50436
20910
41894
45336
35260
45246
32939
58124
29486
6843
40548
35766
6398
41434
50499
1213
44016
34971
38164
46406
40888
15410
25507
41634
18305
35133
46444
43472
49481
31500
40735
53188
15995
52974
26127
22460
9323
31020
58226
52073
48806
48725
53286
32822
47366
47338
46455
4606
39100
48314
22592
57405
45389
38469
43272
34870
46321
24007
6246
39509
16354
59220
41989
6825
58032
27664
14197
56259
19737
39355
44984
49375
48529
45033
13093
35867
7840
17699
51320
56155
40292
2033
3547
36903
49868
3233
19502
5730
55939
55074
47719
39117
53107
51735
53314
49366
11472
9022
10702
37199
57551
32088
50292
9771
39928
7991
1091
12435
24635
26668
29715
11264
3572
55936
50850
59426
23141
54500
25737
2258
47607
17472
31925
13325
28944
40947
24028
6143
14850
56435
24621
12396
40778
25712
24832
5414
51881
33222
8434
57948
48358
48040
47784
31902
11182
42285
57639
49792
6244
15111
21717
19570
39016
43598
53867
35689
54840
4814
16468
29646
58234
48786
39220
6668
23086
59
55027
53323
19163
25225
35633
1448
22865
7693
37976
27263
58384
38864
47213
37638
32731
3279
13328
44445
29796
24476
50444
28030
49614
29664
11050
49053
6075
42429
42376
30527
1593
43953
42512
39393
6818
44290
47086
21147
7786
50701
55883
46650
37914
33521
55733
17545
46849
59656
38343
16645
485
28787
21027
26451
58451
40879
27211
34232
47758
28804
18186
30270
44550
25004
31636
22503
58699
58690
18386
21701
12956
51908
53786
6854
15109
29794
45197
8107
30279
13984
5486
33083
48787
24939
6018
41128
59172
53776
46284
17358
24047
30834
18714
14960
17570
50011
13865
35956
48064
26821
4216
10027
19326
47996
31576
3785
54628
9271
27711
10700
59540
29002
53070
17020
28174
3304
21884
47246
10491
25666
34521
28569
16633
51046
34835
52732
46724
59183
24308
50509
53811
46221
36132
57874
35672
26877
26343
31403
49542
55997
53288
36788
42840
46591
38994
8506
21112
43915
24389
7941
548
7093
35339
11735
36177
58415
10919
486
25276
41082
23059
1409
38957
32684
37081
42186
59027
6126
24922
38475
6877
1710
21315
53468
6173
50932
972
30562
37873
14007
46917
49608
50185
45333
36879
27023
46961
54314
50082
48370
1804
51809
58145
7930
5398
23067
46405
24778
44072
50245
9381
19159
57159
33384
11166
7876
59345
1351
53209
36224
28374
40171
30538
18456
4893
40161
17574
31970
52072
50979
13721
51491
13736
2349
52621
57808
20797
10808
24405
6530
29968
21564
27489
3352
34082
15274
38809
21450
22164
33617
2696
38678
51192
45745
47000
19616
36725
721
11107
26813
974
220
14537
25379
43102
20857
10592
562
56027
45958
3259
6461
27237
54885
45270
48688
53402
55240
51384
32080
46432
37129
19080
42400
50206
56154
53507
53372
35576
57236
54346
12148
11774
56077
55251
32631
42195
15400
4505
12805
58214
44042
19836
56782
37444
15076
24518
37860
38000
4957
20260
28206
1111
13768
57930
13039
47356
52276
25188
59130
48354
56791
8114
7727
59480
19843
6816
34046
51585
53882
24720
28303
45311
49238
23171
27238
55489
19784
31797
56600
29727
45991
57260
22004
56391
46710
20674
40857
30789
36012
58516
30269
55855
41685
4315
23793
32544
34550
48513
19861
14103
27731
43032
23220
39168
49491
56172
49072
18516
46333
6047
19076
40636
26722
59933
2734
34801
41695
34942
16486
22363
35087
25382
56913
23600
38934
16774
43017
36158
31749
6238
15327
21240
38762
40751
40459
57278
34385
39678
46160
15022
6400
22445
26448
45486
44495
56780
50085
6858
31867
51820
40123
31819
7106
56897
45875
50123
9408
17624
32713
38865
11476
41838
55676
45106
8923
6413
24784
31435
21435
53881
24235
29375
27480
8731
26155
53917
45737
32065
6194
29195
28962
52069
19319
14722
46046
52032
15809
1263
39860
57648
56939
42923
26103
1140
33640
8239
25375
39367
35719
34106
5522
29637
26048
39897
51726
22444
20922
3427
14513
16593
54502
36911
8625
10311
38174
24838
44311
26157
27234
14818
28612
41593
52310
38604
26184
17971
38256
28144
7893
30544
39743
35971
5009
38539
33245
49838
39290
29964
34816
25954
59654
10265
19604
2163
37500
10774
30775
55445
3084
9380
21629
27351
59885
25266
27197
44130
32162
43293
56454
37171
21832
29699
58311
51237
19538
37602
57554
30706
39908
42045
50173
38001
8875
4025
25128
16002
59470
4564
21100
1686
29086
57337
32635
35466
52280
37922
48989
50465
43973
47301
18054
39863
15608
41163
34005
7688
48359
11714
49839
54863
11184
54403
20245
8636
56090
25683
5974
35746
34671
23794
11213
26951
38068
36554
53768
58393
23855
11823
38257
1462
3783
25178
14141
18812
26666
21320
38380
52339
16183
25916
23094
12781
19184
14816
16879
54931
49487
17025
42496
52791
31445
19050
46559
29838
19258
58382
8095
57072
33274
16307
52086
19068
55159
49758
33800
23850
42294
59716
46944
31427
46973
42481
46243
35731
57229
28522
28674
51662
15081
58513
47272
49816
6608
44345
28334
36747
20993
44672
55815
16152
34431
29615
53077
5683
3298
24504
22131
10747
22830
30091
44859
27704
35117
36522
19138
33630
146
8954
16591
20843
9177
57590
34633
53850
53405
27137
4633
59372
43491
57710
41408
58566
21625
45665
19630
33872
8496
26073
18732
36200
1191
31606
11173
31752
16996
27764
52596
30636
13294
50186
5269
7144
19944
32406
48129
55668
52249
45839
51743
44405
23845
13368
19828
23592
14918
45901
42324
27471
47092
13930
59161
34618
45683
16158
38734
14631
46794
52028
4817
28416
1113
37174
23653
33134
5776
46562
33871
30249
46760
23591
6588
47183
27942
52489
29508
55413
15934
43438
30927
26904
5473
23437
5638
20104
46583
57667
1274
51351
33191
38739
28526
56845
11873
10654
42689
58436
44525
49291
45196
8116
25963
28136
55299
30257
56977
2023
12911
44598
32950
50071
32739
46528
19322
19473
47026
29016
2893
15552
25861
14767
26206
44903
13203
10731
34194
34751
39239
50498
36216
15306
8789
25480
36256
18091
41647
2679
27182
3453
49207
22857
13361
9883
28295
16255
30508
27993
15411
49605
31680
10275
2466
47271
773
9233
23487
52431
54374
25319
28687
48818
6967
31367
52352
46772
20574
46051
10288
25092
50698
2895
26879
21206
31224
2575
15230
5042
2501
33701
50627
2340
2484
31172
46523
10979
2539
38876
57751
59465
54085
20154
46105
55530
10852
49000
58761
32059
59269
6338
45029
58049
1918
5350
550
11971
55977
2891
14455
53683
6903
21979
40206
17882
19082
15633
36688
49520
35788
22793
21402
22992
48146
20163
55051
23767
26501
16432
30235
31844
40389
4636
33762
45739
5187
22085
44430
51333
34872
28310
9215
12094
23745
1200
48782
49617
13340
47928
11019
36333
36074
59841
10388
24169
6428
42232
40910
11065
52346
3001
52604
14431
21070
37034
3675
9174
4719
38547
37485
13934
37582
51486
15776
27199
4827
3704
38218
17512
16130
1600
15972
32492
25769
58752
51076
43031
9817
43422
46033
2421
34205
43455
15807
37881
52630
52780
10812
19774
44049
2299
35551
47600
43478
15607
25818
37342
31738
24274
38942
24062
56767
41064
22814
47843
24095
8984
31266
46480
47757
41823
29936
3565
19704
58918
443
12485
11256
25786
49907
20514
13386
9737
36122
15556
47079
44212
39830
26021
8274
43437
7440
793
43885
16424
8411
30365
4182
26586
44099
46291
35571
17308
55798
43739
19446
22057
4254
9184
16728
1092
18873
40923
21247
45566
30224
41036
53006
31017
24921
9431
15780
31639
49965
42367
34064
5010
18606
16490
13876
50757
229
49166
40835
20961
33915
19952
16186
34855
37227
56773
54822
49780
14821
19743
35563
6953
27734
25528
25672
12379
59592
7034
32595
54550
23524
22823
21659
106
32498
10826
40941
27710
31787
14857
24014
24325
1241
38111
22838
45044
32933
12618
59865
29028
24533
43171
56763
50061
8843
45494
26005
15878
18089
56907
39402
17264
18567
15860
26115
5745
56802
30177
13884
48011
54191
38209
14075
31784
52672
13265
16828
53046
30986
36217
4101
16829
21412
49595
19186
13642
44036
16094
29397
37652
11013
45257
3767
42059
33944
6422
28135
45203
20498
37876
53100
39833
12351
46146
10819
39119
58715
51272
32301
56479
51487
43933
39519
54946
24776
42675
11704
43188
52972
18698
49610
57459
40254
46460
33731
18130
56576
26831
57963
8927
49329
45135
24398
36407
56699
20875
53627
48187
30997
54882
32120
46868
33790
27067
47997
52818
15123
31185
45790
10174
57147
43249
50428
19960
53332
44910
52888
56515
19225
4360
2565
46592
17120
43820
47452
14817
41981
55924
38038
52124
59343
26035
44942
50819
57220
7084
993
30719
27773
50679
20018
12683
43567
16533
31908
21734
38730
12621
24300
25322
23565
16840
47369
36664
35173
27297
18989
40737
48591
9808
14309
55675
21380
22361
14926
12060
42379
27609
35264
35869
53714
13994
48490
54366
54583
54283
1163
47775
41652
37827
22949
1297
28881
26598
9618
15190
10865
17247
21660
9578
33720
51957
59782
42051
27222
12004
35765
17568
6483
33237
31430
766
10753
19205
18770
20068
53814
45105
16706
39784
295
46801
40064
47512
40400
1724
57091
12574
25400
48708
53847
28974
712
5965
46543
37559
12448
56132
45341
49567
43237
40898
8337
8170
59405
4757
1984
44510
21464
41768
21157
44617
58184
8669
25017
59908
42112
13943
48056
7513
2652
18256
36487
39716
23030
13021
55515
15320
2588
38752
56219
47278
46922
55624
52035
13499
7027
37643
58116
5211
22664
59486
41472
4777
13429
12290
52433
24136
8502
48357
38481
37731
43675
53802
16671
22427
50021
3949
9350
21997
55985
10960
38483
45836
17987
16126
20305
59551
38790
19791
17375
19919
23255
32209
2006
47392
57339
10508
12101
45499
49832
29174
42791
42856
27953
9164
46805
13655
31161
19142
24616
9644
41331
18955
2122
1636
17265
21427
12233
30999
35489
45746
9357
22881
19865
34982
28584
45207
1167
34110
27998
44023
38415
13515
52071
44676
2675
53039
30673
44006
32795
26412
43421
39949
50772
25695
130
53808
8780
56347
5143
13716
41554
6310
24178
45905
2593
59420
33865
31016
20448
51121
56898
48754
269
18892
55607
38665
51045
6630
29438
21973
32325
5920
15781
38619
57276
31173
20174
39938
42431
6623
10649
18203
16841
38651
29733
18425
7179
30042
39138
56723
542
30183
39706
28508
12031
48604
20642
5841
17918
37014
23749
57857
45070
42532
4480
55719
57673
50088
39387
27407
44865
9160
52044
15554
52267
29161
28335
11845
6226
40367
449
3220
46208
59574
27774
18996
20996
46659
59828
53067
47394
33854
43156
26781
1261
28021
12293
56418
36623
3952
16477
5785
18022
17630
601
25179
54432
3821
47739
58457
24960
23666
20308
49242
37730
36637
30343
20886
39770
7956
52064
52312
21677
28935
25630
36388
11072
20004
21201
5055
20605
22732
59487
24427
46824
57944
25739
46048
55152
2474
18889
32882
39111
25584
30120
55233
33540
55380
47297
25852
53409
43561
31139
55391
42212
15396
17502
47267
36001
40235
46754
3411
21050
2520
13901
34281
24920
9053
36755
43809
18288
52218
9393
24760
19285
56492
34749
21489
54662
52628
21645
14612
34840
37041
22107
49395
25053
45213
26175
28464
42615
5047
42365
16897
6319
27771
53652
22411
45871
35873
47171
33323
31510
20016
44424
52999
46270
39087
7915
30051
56820
21309
38517
55280
47056
39923
16845
49583
8387
59461
54631
50753
950
54876
10010
27431
17287
32233
39656
40810
41908
47519
826
26333
16870
23448
41772
38850
7716
12023
29025
43655
6615
500
5664
51355
36313
18460
13336
15386
6975
47619
57389
47785
44908
24964
32213
38131
13985
16981
32480
29004
5204
49011
53938
11820
49512
35955
39527
2177
12602
57987
31201
26552
46587
44285
18298
34206
18027
42435
40086
43751
17418
8516
2636
10752
40996
4796
16108
18854
10001
5120
12792
58173
30984
25099
37700
33161
37702
12039
40606
23362
50949
1244
1508
55623
447
41594
11262
44199
53894
5033
29067
56530
15785
10063
37679
31893
24032
37013
54414
58557
19513
12609
17511
33567
24648
21873
14174
48010
49175
51770
42374
50683
42821
8629
35007
3372
38875
40040
32439
35406
32177
18855
49437
4071
24124
13469
17436
18538
48378
14404
19297
47971
25635
17522
38497
49997
6697
30267
32371
33732
30364
51544
42362
41724
31269
57589
21764
32995
58915
58784
34365
59392
48605
51801
54282
36983
53587
8686
37970
49236
56658
39957
6759
35155
29954
49808
41775
38677
59893
12139
30222
42255
30215
16196
51980
41551
22274
16819
24328
56639
16211
12934
24792
46845
49917
18380
55532
4240
43968
52190
44197
50727
3697
50504
40536
45472
5533
40429
12107
59036
4179
13598
15232
32511
31502
40776
31137
24673
5105
27776
17236
44308
59613
48548
28155
32746
58349
59602
15237
30029
32018
7406
58990
39767
24526
39720
21224
28654
56956
15615
33927
37390
36275
57580
13355
24824
5202
33922
3551
49716
9876
55140
19745
15011
27158
10916
20968
15800
9906
50708
26025
51586
46920
47249
56593
20228
30520
51844
28101
47326
16668
26942
13206
31257
13170
44698
27354
28181
48208
27445
13140
59124
24765
28940
9030
51826
36139
35056
43412
59411
58657
55992
14226
46878
29962
6070
14979
53640
59090
24634
58829
26032
37840
39202
22538
57441
43735
47098
56875
46222
2356
2167
55252
54182
14659
6660
14070
41670
53952
46414
55896
40830
52729
1966
32161
46369
1056
56795
45199
3440
10987
51637
18994
9877
49078
2729
56975
26669
35957
43197
38124
23207
52783
21462
13505
43206
3132
35380
991
58701
37346
33152
45071
14754
29947
6622
18194
40934
58259
37188
50811
16269
24138
50359
52226
7335
19384
6703
22137
18943
19951
32448
19044
59435
34815
17249
23718
12161
26754
45141
26915
33053
51763
21461
13988
58649
41151
13713
4072
43497
48977
59808
50200
11114
18751
7417
27551
45083
6852
20161
46452
41667
37411
10170
40517
31664
33447
13570
23427
54908
3910
49802
29909
45062
39867
26704
43939
52033
20099
31229
39500
57267
42754
18702
30122
2915
48141
16678
51677
18322
57195
10766
23120
59382
14676
12923
5643
36090
52790
26823
39146
13082
7852
31180
33181
39081
10680
48384
12701
57597
31138
34053
12910
52213
50732
4587
46887
47927
27928
51360
58693
51048
50742
49722
56386
25812
33114
59561
4959
22548
7414
55729
22847
44113
35548
57120
15251
43304
1192
56214
16389
40668
31652
15714
32481
58747
31485
7600
22271
31046
12559
44819
38460
25050
37660
48221
13208
45342
52617
56512
22886
18274
29078
16291
11015
29879
32935
28036
11312
40939
43750
43794
16038
25538
47523
33138
55222
18570
22050
40041
33382
23452
56941
11042
48026
34307
24251
9720
26925
57115
26194
48897
32567
32425
603
43738
15475
44353
27532
19037
55705
37607
54135
12098
17588
45391
5614
19699
22635
51686
46624
56103
24292
8175
22297
49541
40742
31074
47725
14812
38402
42344
34714
24645
19179
30104
56731
51236
7711
50866
3334
55053
8454
48726
53438
50420
44777
52425
42106
31401
48528
15928
47177
32291
18252
56368
50720
59569
29123
51761
10940
17091
26851
17718
41863
56208
2524
6941
25998
29297
51718
18424
47755
59471
30506
54130
39149
48423
12382
35518
21798
11439
20970
13559
58426
51091
852
15518
54294
39381
16673
48364
49233
50889
28186
56538
56256
44293
55728
53312
51151
47442
30301
12255
36176
5819
34327
53610
48721
47886
52036
16164
48738
7554
46810
28119
35175
25716
26165
2416
41397
58954
26510
27757
19599
58590
21069
46070
44864
41052
58325
57392
23223
2428
31719
27501
19606
45221
20017
44696
29128
6827
49168
29707
18354
14884
20770
21490
13621
56076
48000
41378
38800
2779
9013
23664
20183
43691
57408
19758
46119
12943
25086
58164
9989
9782
27292
35302
57000
35171
26538
29224
48028
19198
4722
36029
576
56750
58972
15728
35881
44337
15744
56064
28028
13153
52174
42281
5117
40471
50460
53501
30574
7277
5156
3926
31694
9502
19723
28700
8519
55752
21357
15413
37102
19794
50255
42092
10293
8888
47209
50765
52607
50491
17577
57417
24854
27616
20006
59311
10845
19034
32323
51138
21527
37593
42884
31447
50331
56338
45014
10125
22945
3458
56771
31833
50668
23888
792
41159
41465
23253
38576
42672
27221
39030
26532
2834
21918
19366
35158
49408
40893
49103
47974
20550
38306
41916
24783
19414
45375
27599
36043
45442
28392
53554
3260
27997
8482
45932
55218
1105
24962
58103
4573
27797
39307
9430
28410
33756
17667
25312
12062
14136
7229
36846
9902
28956
34752
13853
4999
56547
42245
34905
59807
46594
43387
22091
18165
44492
47053
16268
25417
51202
12641
25709
30509
58423
43247
35271
32180
37266
36936
20594
27754
44165
57440
37656
49473
51510
30824
5092
41251
33054
25468
3342
51219
9960
50395
7487
17950
20128
13791
24811
54904
33390
36435
10656
13371
47678
38411
21471
52419
23361
30016
20281
54185
11460
30389
36266
52711
3443
1734
56053
31014
48046
22800
38501
59775
40750
34981
49918
5562
23308
18349
56969
10317
31720
21000
48728
41960
42471
48839
37781
35858
299
44522
53010
24317
49063
55331
1904
11863
10184
38031
45165
27950
10880
51403
51258
29229
24724
1575
949
45724
26655
19261
4547
20507
24582
53386
58288
36792
53685
48916
46695
51514
41030
23974
19061
29292
23215
47011
14622
9401
52549
46702
1419
5963
16064
59353
50704
43689
29391
9866
32605
52438
6049
11731
4549
57563
29113
4875
35613
34167
58828
47890
14339
49799
2512
41846
31413
43265
26970
29109
43034
36006
24938
33738
30681
19956
28652
23119
16735
27668
23568
22200
8895
35533
46726
10714
