100
-95710617 -53069114
-18307223 14636915
57747793 -75761665
19885386 -50239508
96516649 89641421
-74797638 50490027
83368690 2520059
-55102237 67513926
65180540 40383426
4089172 3455736
-64994789 21595368
-5297433 26956429
36465782 -38978470
-21277138 -66334877
45174067 -31296865
1513929 -98020198
15634022 -64276942
69133069 25898167
-40038607 -10981544
-71824989 -43521958
31176229 -46622627
-40515579 14544919
-91586216 56898537
34575198 73594324
49798315 -61335630
29566413 84803526
-87223909 -75731020
11759956 49241873
37806862 -57000830
82906996 35497281
11702305 -15579075
37477084 -72663673
72660336 59126505
-94249154 -67378271
661313 -66074143
41616124 -15646105
39819582 -98899455
98898814 48233367
-89484566 85990364
74344043 60313750
-22828913 56426808
45117276 -10052822
80695788 9393584
-8294597 18502651
52392754 -25387601
-46000068 -35904940
-88450324 -56006632
43947739 84210012
-44363774 49698586
-30651906 56297539
-63859205 -36519430
-59348566 75960378
17097467 -7933399
76710097 27612902
30573317 -96429508
-12073348 -39739244
59997301 -14439720
-97275714 93209441
94953865 -5570311
64228444 47346619
-78441560 -29255271
-36041969 -66891883
14738097 -92094229
-30165519 -77109325
-89879291 91698927
-68295433 -1222144
-44820503 24872353
27254586 72276965
-30544694 3964683
52406219 -99971376
60051528 -59667129
12805732 20048829
78409503 15530019
13258270 73363368
-90040292 -22513285
73226340 -68481851
-99252204 -10299277
17142618 68002245
50122846 -60506549
90892921 60243555
-68807621 -77402512
11537764 38888228
47469841 -61207650
11165193 -30558500
42757034 16087764
-30529876 55324914
-91063013 82275856
-24626257 87346491
50322227 -58851635
60709859 60281936
71151432 86452551
-55683563 71899228
-23846725 -86024593
39901474 -73723879
-46531142 30794395
-60963971 -15338763
-94091765 50573793
-23934182 -94105572
89366143 87231011
-24664072 84639529
