10 100
2 7 4 10
7 5 2 1
7 2 3 7
2 8 5 8
5 4 2 2
4 4 5 2
10 9 9 3
7 9 2 7
10 9 3 8
3 5 8 8
4 6 6 10
8 7 1 10
8 9 9 6
5 9 9 2
3 2 10 3
4 2 5 4
9 10 10 3
2 1 3 2
2 9 9 10
10 4 8 6
4 5 2 8
4 4 2 2
6 1 4 4
3 10 4 10
6 7 3 3
9 2 5 2
6 1 6 9
5 5 7 3
3 1 4 2
1 3 9 8
8 5 4 6
4 7 10 9
8 7 7 8
8 4 4 6
5 6 7 8
1 3 8 3
2 1 3 3
10 8 8 5
10 7 5 8
7 3 7 2
7 8 9 10
5 10 10 9
1 4 6 3
8 3 4 6
9 4 4 7
9 3 2 10
8 4 9 6
5 4 6 6
4 2 1 10
4 9 4 5
4 5 7 5
8 10 7 1
3 4 9 9
7 5 1 1
3 1 7 7
4 5 4 3
10 6 4 10
5 10 3 5
2 2 4 4
4 10 3 4
4 5 2 8
3 4 8 10
1 1 2 2
3 1 3 6
2 8 8 10
6 6 5 2
3 5 10 4
4 9 2 10
3 9 1 3
5 5 3 1
3 5 1 10
1 9 9 5
3 6 6 8
8 6 2 10
7 2 6 5
10 10 9 2
7 1 1 10
9 6 8 7
8 9 9 7
2 1 3 1
2 4 10 5
9 9 1 10
4 2 5 8
3 9 5 6
8 4 7 4
1 1 4 3
9 1 4 7
4 2 5 2
2 9 4 4
4 8 2 10
7 9 9 1
2 10 2 9
1 1 2 1
3 3 4 1
10 6 4 10
3 4 4 9
6 4 4 2
6 4 5 3
2 10 5 5
1 10 10 9
